b <- 2*5 + 1
